[1] "System time = 2025-03-13 10:59:01.626425"
           Y        S Z    Smiss Miss   W
1   18.86199 3.588913 0 3.588913    1 1.0
2   30.48308 5.344175 0 5.344175    1 0.6
3   22.14239 5.122455 0 5.122455    1 1.0
4   23.14662 4.809694 0 4.809694    1 1.0
5   26.11708 4.972782 0 4.972782    1 1.0
6   25.14178 4.560470 0 4.560470    1 1.0
7   28.09694 5.309751 0 5.309751    1 0.6
8   28.99857 5.283153 0 5.283153    1 0.6
10  19.32519 4.314145 0 4.314145    1 1.0
12  33.58509 7.166050 0 7.166050    1 0.6
14  25.80625 5.375232 0 5.375232    1 1.0
15  21.87916 4.421820 0 4.421820    1 1.0
16  22.31697 4.238707 0 4.238707    1 1.0
17  25.64024 4.456151 0 4.456151    1 1.0
18  28.20864 4.906497 0 4.906497    1 0.6
19  34.30726 6.117239 0 6.117239    1 0.6
20  18.37285 4.502248 0 4.502248    1 1.0
22  26.51411 6.214109 0 6.214109    1 1.0
23  29.71797 5.362708 0 5.362708    1 0.6
24  30.88691 5.182128 0 5.182128    1 0.6
25  44.46261 8.202877 0 8.202877    1 0.6
26  24.73317 3.336974 0 3.336974    1 1.0
27  34.76159 5.570500 0 5.570500    1 0.6
29  30.97670 5.462408 0 5.462408    1 0.6
30  26.66655 5.569173 0 5.569173    1 1.0
31  25.57180 4.710015 0 4.710015    1 1.0
32  29.09690 4.119491 0 4.119491    1 0.6
33  33.92091 5.726945 0 5.726945    1 0.6
34  26.76829 4.172087 0 4.172087    1 1.0
35  26.67316 5.132209 0 5.132209    1 1.0
36  19.54420 3.502485 0 3.502485    1 1.0
37  26.65225 4.754749 0 4.754749    1 1.0
38  18.96492 3.044788 0 3.044788    1 1.0
40  26.17584 5.227410 0 5.227410    1 1.0
42  24.97550 4.938794 0 4.938794    1 1.0
43  30.70658 5.411346 0 5.411346    1 0.6
44  33.29569 5.917019 0 5.917019    1 0.6
45  28.53636 5.002509 0 5.002509    1 0.6
46  31.88515 5.505473 0 5.505473    1 0.6
48  24.87026 4.201337 0 4.201337    1 1.0
49  24.12083 5.022302 0 5.022302    1 1.0
50  23.21100 4.603766 0 4.603766    1 1.0
51  34.41028 6.477271 0 6.477271    1 0.6
52  23.21823 4.401469 0 4.401469    1 1.0
54  20.60091 3.183127 0 3.183127    1 1.0
55  25.61305 4.865446 0 4.865446    1 1.0
57  20.78945 4.406005 0 4.406005    1 1.0
59  29.98147 5.060562 0 5.060562    1 0.6
60  23.13422 5.243160 0 5.243160    1 1.0
61  24.88632 5.165581 0 5.165581    1 1.0
62  34.38366 5.757544 0 5.757544    1 0.6
63  31.52973 5.757536 0 5.757536    1 0.6
64  20.83323 4.484971 0 4.484971    1 1.0
65  27.65189 5.141213 0 5.141213    1 0.6
67  22.30908 4.318582 0 4.318582    1 1.0
68  33.62837 6.025647 0 6.025647    1 0.6
69  32.92061 5.331664 0 5.331664    1 0.6
70  26.04629 5.218146 0 5.218146    1 1.0
71  25.79201 4.559491 0 4.559491    1 1.0
72  26.36767 4.970731 0 4.970731    1 1.0
74  20.44489 4.728287 0 4.728287    1 1.0
75  20.08272 4.138014 0 4.138014    1 1.0
76  26.64599 4.976445 0 4.976445    1 1.0
78  34.90398 6.568211 0 6.568211    1 0.6
79  22.52065 4.488075 0 4.488075    1 1.0
80  30.77190 5.660475 0 5.660475    1 0.6
81  15.01252 2.337778 0 2.337778    1 1.0
82  24.43411 4.312118 0 4.312118    1 1.0
83  30.59149 4.784449 0 4.784449    1 0.6
84  23.38028 5.095979 0 5.095979    1 1.0
85  22.81101 3.846270 0 3.846270    1 1.0
86  29.06879 5.182401 0 5.182401    1 0.6
87  22.25418 4.621709 0 4.621709    1 1.0
88  25.73740 4.454102 0 4.454102    1 1.0
91  31.33223 6.202417 0 6.202417    1 0.6
92  24.08086 5.007306 0 5.007306    1 1.0
94  30.42148 5.780335 0 5.780335    1 0.6
95  28.32543 4.954565 0 4.954565    1 0.6
96  21.72245 3.491525 0 3.491525    1 1.0
97  28.03272 4.467527 0 4.467527    1 0.6
98  24.28081 5.103132 0 5.103132    1 1.0
99  20.71173 4.896995 0 4.896995    1 1.0
100 35.22232 6.834842 0 6.834842    1 0.6
101 27.77791 5.359095 0 5.359095    1 0.6
102 30.77761 5.813682 0 5.813682    1 0.6
103 38.54632 7.075159 0 7.075159    1 0.6
105 26.24238 4.241377 0 4.241377    1 1.0
107 26.18046 5.200041 0 5.200041    1 1.0
108 19.93200 4.240282 0 4.240282    1 1.0
109 27.32333 6.046708 0 6.046708    1 0.6
110 28.99156 5.260386 0 5.260386    1 0.6
111 23.22763 4.080305 0 4.080305    1 1.0
112 24.58466 4.295213 0 4.295213    1 1.0
113 24.53827 4.483080 0 4.483080    1 1.0
114 29.41985 4.818197 0 4.818197    1 0.6
116 33.20900 6.854787 0 6.854787    1 0.6
117 21.16740 3.770549 0 3.770549    1 1.0
118 22.18075 4.509106 0 4.509106    1 1.0
119 25.64718 3.687907 0 3.687907    1 1.0
120 21.77356 4.270564 0 4.270564    1 1.0
121 28.99555 5.722493 0 5.722493    1 0.6
122 17.89109 2.977892 0 2.977892    1 1.0
123 32.11907 4.939432 0 4.939432    1 0.6
124 20.73942 3.844642 0 3.844642    1 1.0
125 24.65302 5.314886 0 5.314886    1 1.0
126 24.55834 4.605966 0 4.605966    1 1.0
127 27.59122 5.779258 0 5.779258    1 0.6
128 20.67959 4.213923 0 4.213923    1 1.0
129 22.27712 4.051986 0 4.051986    1 1.0
130 24.29814 3.633586 0 3.633586    1 1.0
132 22.55815 4.433976 0 4.433976    1 1.0
133 20.07378 3.203897 0 3.203897    1 1.0
134 20.99386 4.893011 0 4.893011    1 1.0
135 30.92597 5.369511 0 5.369511    1 0.6
136 21.34094 3.531086 0 3.531086    1 1.0
137 24.97470 4.797685 0 4.797685    1 1.0
140 26.55223 5.733950 0 5.733950    1 1.0
142 16.35226 3.584483 0 3.584483    1 1.0
143 35.12002 6.038212 0 6.038212    1 0.6
144 25.78238 4.974296 0 4.974296    1 1.0
145 26.68075 4.876005 0 4.876005    1 1.0
146 28.18410 4.247659 0 4.247659    1 0.6
147 24.73719 4.825044 0 4.825044    1 1.0
148 32.82535 5.870048 0 5.870048    1 0.6
151 29.32244 6.095130 0 6.095130    1 0.6
152 24.28196 4.711768 0 4.711768    1 1.0
153 27.11495 4.650949 0 4.650949    1 0.6
154 28.68367 5.284839 0 5.284839    1 0.6
155 22.61924 3.011095 0 3.011095    1 1.0
157 22.50266 3.507236 0 3.507236    1 1.0
158 28.65564 5.399535 0 5.399535    1 0.6
159 23.02211 4.446696 0 4.446696    1 1.0
160 25.80531 5.094097 0 5.094097    1 1.0
161 33.99690 6.836028 0 6.836028    1 0.6
162 34.55546 6.556608 0 6.556608    1 0.6
164 25.17098 4.336235 0 4.336235    1 1.0
165 26.48881 4.911761 0 4.911761    1 1.0
166 32.88106 6.237398 0 6.237398    1 0.6
167 25.60546 4.933784 0 4.933784    1 1.0
168 17.16662 3.292636 0 3.292636    1 1.0
169 20.12167 2.888266 0 2.888266    1 1.0
170 22.92128 4.610752 0 4.610752    1 1.0
171 21.91934 4.207569 0 4.207569    1 1.0
173 21.11657 3.773829 0 3.773829    1 1.0
174 30.61082 6.324535 0 6.324535    1 0.6
175 16.60938 3.366001 0 3.366001    1 1.0
176 19.19874 6.129675 0 6.129675    1 1.0
177 19.50943 3.533508 0 3.533508    1 1.0
178 37.95961 6.482709 0 6.482709    1 0.6
179 20.44650 3.986514 0 3.986514    1 1.0
180 23.75020 4.691970 0 4.691970    1 1.0
182 21.87755 4.255381 0 4.255381    1 1.0
183 32.64532 6.382950 0 6.382950    1 0.6
184 27.55412 4.560236 0 4.560236    1 0.6
186 30.10288 5.832512 0 5.832512    1 0.6
187 25.47503 4.188619 0 4.188619    1 1.0
188 29.20459 5.221150 0 5.221150    1 0.6
190 27.59412 4.812237 0 4.812237    1 0.6
192 20.02088 3.662173 0 3.662173    1 1.0
193 25.62737 5.274966 0 5.274966    1 1.0
194 20.58298 4.516246 0 4.516246    1 1.0
197 25.21208 4.471780 0 4.471780    1 1.0
198 25.88526 4.517347 0 4.517347    1 1.0
200 24.41559 4.959739 0 4.959739    1 1.0
202 21.00857 3.807214 0 3.807214    1 1.0
204 28.21862 5.237989 0 5.237989    1 0.6
 [ reached 'max' / getOption("max.print") -- omitted 1453 rows ]
# A tibble: 2,000 × 12
       Y     S     Z Smiss  Miss     W .fitted .resid    .hat .sigma  .cooksd .std.resid
   <dbl> <dbl> <dbl> <dbl> <dbl> <dbl>   <dbl>  <dbl>   <dbl>  <dbl>    <dbl>      <dbl>
 1  18.9  3.59     0  3.59     1   1     0.785  0.696 0.00100  0.985 0.000137      0.696
 2  30.5  5.34     0  5.34     1   0.6   0.785  0.696 0.00100  0.985 0.000137      0.696
 3  22.1  5.12     0  5.12     1   1     0.785  0.696 0.00100  0.985 0.000137      0.696
 4  23.1  4.81     0  4.81     1   1     0.785  0.696 0.00100  0.985 0.000137      0.696
 5  26.1  4.97     0  4.97     1   1     0.785  0.696 0.00100  0.985 0.000137      0.696
 6  25.1  4.56     0  4.56     1   1     0.785  0.696 0.00100  0.985 0.000137      0.696
 7  28.1  5.31     0  5.31     1   0.6   0.785  0.696 0.00100  0.985 0.000137      0.696
 8  29.0  5.28     0  5.28     1   0.6   0.785  0.696 0.00100  0.985 0.000137      0.696
 9  27.1  4.95     0 NA        0   0.6   0.785 -1.75  0.00100  0.985 0.00183      -1.75 
10  19.3  4.31     0  4.31     1   1     0.785  0.696 0.00100  0.985 0.000137      0.696
# ℹ 1,990 more rows
# ℹ Use `print(n = ...)` to see more rows
    1     2     3     4     5     6     7     8     9    10    11    12    13    14    15    16    17 
0.785 0.785 0.785 0.785 0.785 0.785 0.785 0.785 0.785 0.785 0.785 0.785 0.785 0.785 0.785 0.785 0.785 
   18    19    20    21    22    23    24    25    26    27    28    29    30    31    32    33    34 
0.785 0.785 0.785 0.785 0.785 0.785 0.785 0.785 0.785 0.785 0.785 0.785 0.785 0.785 0.785 0.785 0.785 
   35    36    37    38    39    40    41    42    43    44    45    46    47    48    49    50    51 
0.785 0.785 0.785 0.785 0.785 0.785 0.785 0.785 0.785 0.785 0.785 0.785 0.785 0.785 0.785 0.785 0.785 
   52    53    54    55    56    57    58    59    60    61    62    63    64    65    66    67    68 
0.785 0.785 0.785 0.785 0.785 0.785 0.785 0.785 0.785 0.785 0.785 0.785 0.785 0.785 0.785 0.785 0.785 
   69    70    71    72    73    74    75    76    77    78    79    80    81    82    83    84    85 
0.785 0.785 0.785 0.785 0.785 0.785 0.785 0.785 0.785 0.785 0.785 0.785 0.785 0.785 0.785 0.785 0.785 
   86    87    88    89    90    91    92    93    94    95    96    97    98    99   100   101   102 
0.785 0.785 0.785 0.785 0.785 0.785 0.785 0.785 0.785 0.785 0.785 0.785 0.785 0.785 0.785 0.785 0.785 
  103   104   105   106   107   108   109   110   111   112   113   114   115   116   117   118   119 
0.785 0.785 0.785 0.785 0.785 0.785 0.785 0.785 0.785 0.785 0.785 0.785 0.785 0.785 0.785 0.785 0.785 
  120   121   122   123   124   125   126   127   128   129   130   131   132   133   134   135   136 
0.785 0.785 0.785 0.785 0.785 0.785 0.785 0.785 0.785 0.785 0.785 0.785 0.785 0.785 0.785 0.785 0.785 
  137   138   139   140   141   142   143   144   145   146   147   148   149   150   151   152   153 
0.785 0.785 0.785 0.785 0.785 0.785 0.785 0.785 0.785 0.785 0.785 0.785 0.785 0.785 0.785 0.785 0.785 
  154   155   156   157   158   159   160   161   162   163   164   165   166   167   168   169   170 
0.785 0.785 0.785 0.785 0.785 0.785 0.785 0.785 0.785 0.785 0.785 0.785 0.785 0.785 0.785 0.785 0.785 
  171   172   173   174   175   176   177   178   179   180   181   182   183   184   185   186   187 
0.785 0.785 0.785 0.785 0.785 0.785 0.785 0.785 0.785 0.785 0.785 0.785 0.785 0.785 0.785 0.785 0.785 
  188   189   190   191   192   193   194   195   196   197   198   199   200   201   202   203   204 
0.785 0.785 0.785 0.785 0.785 0.785 0.785 0.785 0.785 0.785 0.785 0.785 0.785 0.785 0.785 0.785 0.785 
  205   206   207   208   209   210   211   212   213   214   215   216   217   218   219   220   221 
0.785 0.785 0.785 0.785 0.785 0.785 0.785 0.785 0.785 0.785 0.785 0.785 0.785 0.785 0.785 0.785 0.785 
  222   223   224   225   226   227   228   229   230   231   232   233   234   235   236   237   238 
0.785 0.785 0.785 0.785 0.785 0.785 0.785 0.785 0.785 0.785 0.785 0.785 0.785 0.785 0.785 0.785 0.785 
  239   240   241   242   243   244   245   246   247   248   249   250   251   252   253   254   255 
0.785 0.785 0.785 0.785 0.785 0.785 0.785 0.785 0.785 0.785 0.785 0.785 0.785 0.785 0.785 0.785 0.785 
  256   257   258   259   260   261   262   263   264   265   266   267   268   269   270   271   272 
0.785 0.785 0.785 0.785 0.785 0.785 0.785 0.785 0.785 0.785 0.785 0.785 0.785 0.785 0.785 0.785 0.785 
  273   274   275   276   277   278   279   280   281   282   283   284   285   286   287   288   289 
0.785 0.785 0.785 0.785 0.785 0.785 0.785 0.785 0.785 0.785 0.785 0.785 0.785 0.785 0.785 0.785 0.785 
  290   291   292   293   294   295   296   297   298   299   300   301   302   303   304   305   306 
0.785 0.785 0.785 0.785 0.785 0.785 0.785 0.785 0.785 0.785 0.785 0.785 0.785 0.785 0.785 0.785 0.785 
  307   308   309   310   311   312   313   314   315   316   317   318   319   320   321   322   323 
0.785 0.785 0.785 0.785 0.785 0.785 0.785 0.785 0.785 0.785 0.785 0.785 0.785 0.785 0.785 0.785 0.785 
  324   325   326   327   328   329   330   331   332   333   334   335   336   337   338   339   340 
0.785 0.785 0.785 0.785 0.785 0.785 0.785 0.785 0.785 0.785 0.785 0.785 0.785 0.785 0.785 0.785 0.785 
  341   342   343   344   345   346   347   348   349   350   351   352   353   354   355   356   357 
0.785 0.785 0.785 0.785 0.785 0.785 0.785 0.785 0.785 0.785 0.785 0.785 0.785 0.785 0.785 0.785 0.785 
  358   359   360   361   362   363   364   365   366   367   368   369   370   371   372   373   374 
0.785 0.785 0.785 0.785 0.785 0.785 0.785 0.785 0.785 0.785 0.785 0.785 0.785 0.785 0.785 0.785 0.785 
  375   376   377   378   379   380   381   382   383   384   385   386   387   388   389   390   391 
0.785 0.785 0.785 0.785 0.785 0.785 0.785 0.785 0.785 0.785 0.785 0.785 0.785 0.785 0.785 0.785 0.785 
  392   393   394   395   396   397   398   399   400   401   402   403   404   405   406   407   408 
0.785 0.785 0.785 0.785 0.785 0.785 0.785 0.785 0.785 0.785 0.785 0.785 0.785 0.785 0.785 0.785 0.785 
  409   410   411   412   413   414   415   416   417   418   419   420   421   422   423   424   425 
0.785 0.785 0.785 0.785 0.785 0.785 0.785 0.785 0.785 0.785 0.785 0.785 0.785 0.785 0.785 0.785 0.785 
  426   427   428   429   430   431   432   433   434   435   436   437   438   439   440   441   442 
0.785 0.785 0.785 0.785 0.785 0.785 0.785 0.785 0.785 0.785 0.785 0.785 0.785 0.785 0.785 0.785 0.785 
  443   444   445   446   447   448   449   450   451   452   453   454   455   456   457   458   459 
0.785 0.785 0.785 0.785 0.785 0.785 0.785 0.785 0.785 0.785 0.785 0.785 0.785 0.785 0.785 0.785 0.785 
  460   461   462   463   464   465   466   467   468   469   470   471   472   473   474   475   476 
0.785 0.785 0.785 0.785 0.785 0.785 0.785 0.785 0.785 0.785 0.785 0.785 0.785 0.785 0.785 0.785 0.785 
  477   478   479   480   481   482   483   484   485   486   487   488   489   490   491   492   493 
0.785 0.785 0.785 0.785 0.785 0.785 0.785 0.785 0.785 0.785 0.785 0.785 0.785 0.785 0.785 0.785 0.785 
  494   495   496   497   498   499   500   501   502   503   504   505   506   507   508   509   510 
0.785 0.785 0.785 0.785 0.785 0.785 0.785 0.785 0.785 0.785 0.785 0.785 0.785 0.785 0.785 0.785 0.785 
  511   512   513   514   515   516   517   518   519   520   521   522   523   524   525   526   527 
0.785 0.785 0.785 0.785 0.785 0.785 0.785 0.785 0.785 0.785 0.785 0.785 0.785 0.785 0.785 0.785 0.785 
  528   529   530   531   532   533   534   535   536   537   538   539   540   541   542   543   544 
0.785 0.785 0.785 0.785 0.785 0.785 0.785 0.785 0.785 0.785 0.785 0.785 0.785 0.785 0.785 0.785 0.785 
  545   546   547   548   549   550   551   552   553   554   555   556   557   558   559   560   561 
0.785 0.785 0.785 0.785 0.785 0.785 0.785 0.785 0.785 0.785 0.785 0.785 0.785 0.785 0.785 0.785 0.785 
  562   563   564   565   566   567   568   569   570   571   572   573   574   575   576   577   578 
0.785 0.785 0.785 0.785 0.785 0.785 0.785 0.785 0.785 0.785 0.785 0.785 0.785 0.785 0.785 0.785 0.785 
  579   580   581   582   583   584   585   586   587   588   589   590   591   592   593   594   595 
0.785 0.785 0.785 0.785 0.785 0.785 0.785 0.785 0.785 0.785 0.785 0.785 0.785 0.785 0.785 0.785 0.785 
  596   597   598   599   600   601   602   603   604   605   606   607   608   609   610   611   612 
0.785 0.785 0.785 0.785 0.785 0.785 0.785 0.785 0.785 0.785 0.785 0.785 0.785 0.785 0.785 0.785 0.785 
  613   614   615   616   617   618   619   620   621   622   623   624   625   626   627   628   629 
0.785 0.785 0.785 0.785 0.785 0.785 0.785 0.785 0.785 0.785 0.785 0.785 0.785 0.785 0.785 0.785 0.785 
  630   631   632   633   634   635   636   637   638   639   640   641   642   643   644   645   646 
0.785 0.785 0.785 0.785 0.785 0.785 0.785 0.785 0.785 0.785 0.785 0.785 0.785 0.785 0.785 0.785 0.785 
  647   648   649   650   651   652   653   654   655   656   657   658   659   660   661   662   663 
0.785 0.785 0.785 0.785 0.785 0.785 0.785 0.785 0.785 0.785 0.785 0.785 0.785 0.785 0.785 0.785 0.785 
  664   665   666   667   668   669   670   671   672   673   674   675   676   677   678   679   680 
0.785 0.785 0.785 0.785 0.785 0.785 0.785 0.785 0.785 0.785 0.785 0.785 0.785 0.785 0.785 0.785 0.785 
  681   682   683   684   685   686   687   688   689   690   691   692   693   694   695   696   697 
0.785 0.785 0.785 0.785 0.785 0.785 0.785 0.785 0.785 0.785 0.785 0.785 0.785 0.785 0.785 0.785 0.785 
  698   699   700   701   702   703   704   705   706   707   708   709   710   711   712   713   714 
0.785 0.785 0.785 0.785 0.785 0.785 0.785 0.785 0.785 0.785 0.785 0.785 0.785 0.785 0.785 0.785 0.785 
  715   716   717   718   719   720   721   722   723   724   725   726   727   728   729   730   731 
0.785 0.785 0.785 0.785 0.785 0.785 0.785 0.785 0.785 0.785 0.785 0.785 0.785 0.785 0.785 0.785 0.785 
  732   733   734   735   736   737   738   739   740   741   742   743   744   745   746   747   748 
0.785 0.785 0.785 0.785 0.785 0.785 0.785 0.785 0.785 0.785 0.785 0.785 0.785 0.785 0.785 0.785 0.785 
  749   750   751   752   753   754   755   756   757   758   759   760   761   762   763   764   765 
0.785 0.785 0.785 0.785 0.785 0.785 0.785 0.785 0.785 0.785 0.785 0.785 0.785 0.785 0.785 0.785 0.785 
  766   767   768   769   770   771   772   773   774   775   776   777   778   779   780   781   782 
0.785 0.785 0.785 0.785 0.785 0.785 0.785 0.785 0.785 0.785 0.785 0.785 0.785 0.785 0.785 0.785 0.785 
  783   784   785   786   787   788   789   790   791   792   793   794   795   796   797   798   799 
0.785 0.785 0.785 0.785 0.785 0.785 0.785 0.785 0.785 0.785 0.785 0.785 0.785 0.785 0.785 0.785 0.785 
  800   801   802   803   804   805   806   807   808   809   810   811   812   813   814   815   816 
0.785 0.785 0.785 0.785 0.785 0.785 0.785 0.785 0.785 0.785 0.785 0.785 0.785 0.785 0.785 0.785 0.785 
  817   818   819   820   821   822   823   824   825   826   827   828   829   830   831   832   833 
0.785 0.785 0.785 0.785 0.785 0.785 0.785 0.785 0.785 0.785 0.785 0.785 0.785 0.785 0.785 0.785 0.785 
  834   835   836   837   838   839   840   841   842   843   844   845   846   847   848   849   850 
0.785 0.785 0.785 0.785 0.785 0.785 0.785 0.785 0.785 0.785 0.785 0.785 0.785 0.785 0.785 0.785 0.785 
  851   852   853   854   855   856   857   858   859   860   861   862   863   864   865   866   867 
0.785 0.785 0.785 0.785 0.785 0.785 0.785 0.785 0.785 0.785 0.785 0.785 0.785 0.785 0.785 0.785 0.785 
  868   869   870   871   872   873   874   875   876   877   878   879   880   881   882   883   884 
0.785 0.785 0.785 0.785 0.785 0.785 0.785 0.785 0.785 0.785 0.785 0.785 0.785 0.785 0.785 0.785 0.785 
  885   886   887   888   889   890   891   892   893   894   895   896   897   898   899   900   901 
0.785 0.785 0.785 0.785 0.785 0.785 0.785 0.785 0.785 0.785 0.785 0.785 0.785 0.785 0.785 0.785 0.785 
  902   903   904   905   906   907   908   909   910   911   912   913   914   915   916   917   918 
0.785 0.785 0.785 0.785 0.785 0.785 0.785 0.785 0.785 0.785 0.785 0.785 0.785 0.785 0.785 0.785 0.785 
  919   920   921   922   923   924   925   926   927   928   929   930   931   932   933   934   935 
0.785 0.785 0.785 0.785 0.785 0.785 0.785 0.785 0.785 0.785 0.785 0.785 0.785 0.785 0.785 0.785 0.785 
  936   937   938   939   940   941   942   943   944   945   946   947   948   949   950   951   952 
0.785 0.785 0.785 0.785 0.785 0.785 0.785 0.785 0.785 0.785 0.785 0.785 0.785 0.785 0.785 0.785 0.785 
  953   954   955   956   957   958   959   960   961   962   963   964   965   966   967   968   969 
0.785 0.785 0.785 0.785 0.785 0.785 0.785 0.785 0.785 0.785 0.785 0.785 0.785 0.785 0.785 0.785 0.785 
  970   971   972   973   974   975   976   977   978   979   980   981   982   983   984   985   986 
0.785 0.785 0.785 0.785 0.785 0.785 0.785 0.785 0.785 0.785 0.785 0.785 0.785 0.785 0.785 0.785 0.785 
  987   988   989   990   991   992   993   994   995   996   997   998   999  1000 
0.785 0.785 0.785 0.785 0.785 0.785 0.785 0.785 0.785 0.785 0.785 0.785 0.785 0.785 
 [ reached getOption("max.print") -- omitted 1000 entries ]

Call:
lm(formula = Smiss ~ ns(Y, df = 4) * Z, data = df)

Coefficients:
     (Intercept)    ns(Y, df = 4)1    ns(Y, df = 4)2    ns(Y, df = 4)3    ns(Y, df = 4)4  
         -0.1973            5.8907            6.6234           15.0655           13.6164  
               Z  ns(Y, df = 4)1:Z  ns(Y, df = 4)2:Z  ns(Y, df = 4)3:Z  ns(Y, df = 4)4:Z  
         -1.1256            0.1779            0.7815           -0.5724           -2.2975  

